{
  "advancedEditorSelectedIdentifier" : "ProjectBrowser",
  "openSceneRelativePaths" : [
    "FemaleDermaModel.usda",
    "MaleDermaModel.usda",
    "MaleSit.usda",
    "MaleStand.usda",
    "MaleWalk.usda",
    "FemaleSit.usda",
    "FemaleStand.usda",
    "FemaleWalk.usda"
  ],
  "recentIdentifiers" : {
    "19865729-2A71-4775-9DA3-FEBE7535CF29" : [

    ],
    "1C3235B9-477C-411A-ACDC-9E35702D4FA4" : [

    ],
    "60F2425F-43A2-4CFF-9788-0B7B504B905F" : [

    ],
    "7AEA4E5A-A08D-4FCB-8CC9-32113E970240" : [

    ],
    "89B737BD-F55B-4C03-B97B-496F72FC5643" : [

    ],
    "8CC04CFD-5647-4E60-AD78-3E9D4CF51EC4" : [

    ],
    "9B1CC9B5-B2DC-42A6-BB4A-1548DC557435" : [

    ],
    "9ED1FE75-F540-4D68-85B0-6F9F8A6ED893" : [

    ],
    "B8F43334-695F-418F-8B24-188D6B6AAA27" : [

    ],
    "D66134B1-3681-4A8E-AFE5-29F257229F3B" : [

    ],
    "FD359081-4AB5-42E3-995B-02002136E525" : [

    ]
  },
  "sceneCameraHistory" : {
    "19865729-2A71-4775-9DA3-FEBE7535CF29" : [
      {
        "date" : 767792819.134237,
        "title" : "Untitled",
        "transform" : [
          0.9998029,
          -1.1395697e-10,
          0.019853214,
          0,
          0.0021506741,
          0.9941151,
          -0.10830739,
          0,
          -0.01973638,
          0.10832878,
          0.9939192,
          0,
          -0.04254508,
          0.84242576,
          2.465572,
          1
        ]
      },
      {
        "date" : 767792814.734088,
        "title" : "Untitled",
        "transform" : [
          0.9998029,
          -1.1395697e-10,
          0.019853214,
          0,
          0.0021506741,
          0.9941151,
          -0.10830739,
          0,
          -0.01973638,
          0.10832878,
          0.9939192,
          0,
          -0.056792244,
          0.23770349,
          2.531199,
          1
        ]
      },
      {
        "date" : 767792812.134331,
        "title" : "Untitled",
        "transform" : [
          0.9998029,
          1.9887689e-11,
          0.019853214,
          0,
          0.003601922,
          0.9834044,
          -0.18139187,
          0,
          -0.019523734,
          0.18142764,
          0.98321044,
          0,
          -0.027277775,
          0.12817058,
          1.0448585,
          1
        ]
      },
      {
        "date" : 767792809.917876,
        "title" : "Untitled",
        "transform" : [
          0.99997115,
          -3.1552094e-11,
          -0.007596917,
          0,
          -0.002066363,
          0.9622972,
          -0.27199256,
          0,
          0.0073104883,
          0.27200043,
          0.9622693,
          0,
          -0.00832057,
          0.19215631,
          1.0300643,
          1
        ]
      },
      {
        "date" : 767792802.834642,
        "title" : "Untitled",
        "transform" : [
          0.99905956,
          -5.8892585e-11,
          -0.043359257,
          0,
          -0.02514931,
          0.81460106,
          -0.57947624,
          0,
          0.03532049,
          0.5800217,
          0.8138349,
          0,
          -0.07463479,
          1.8741353,
          2.355734,
          1
        ]
      },
      {
        "date" : 767792797.270239,
        "title" : "Untitled",
        "transform" : [
          0.99905956,
          -5.8892585e-11,
          -0.043359257,
          0,
          -0.02514931,
          0.81460106,
          -0.57947624,
          0,
          0.035320494,
          0.58002174,
          0.813835,
          0,
          0.13812898,
          1.5741918,
          2.5602703,
          1
        ]
      },
      {
        "date" : 767792794.950394,
        "title" : "Untitled",
        "transform" : [
          0.9987137,
          -4.3874127e-11,
          0.05070562,
          0,
          0.02793733,
          0.8345244,
          -0.55026233,
          0,
          -0.042315073,
          0.5509711,
          0.8334509,
          0,
          -0.10577939,
          1.4829146,
          2.615706,
          1
        ]
      },
      {
        "date" : 767792792.683402,
        "title" : "Untitled",
        "transform" : [
          0.9999487,
          -1.9145241e-11,
          0.010129137,
          0,
          0.005181137,
          0.85927844,
          -0.511482,
          0,
          -0.008703749,
          0.5115082,
          0.85923433,
          0,
          -0.00019956562,
          1.3593951,
          2.6840615,
          1
        ]
      },
      {
        "date" : 767792766.867616,
        "title" : "Untitled",
        "transform" : [
          1,
          0,
          0,
          0,
          0,
          0.7071069,
          -0.70710677,
          0,
          0,
          0.70710677,
          0.7071069,
          0,
          0.25200164,
          2.0380023,
          2.2068748,
          1
        ]
      },
      {
        "date" : 767792662.522379,
        "title" : "Untitled",
        "transform" : [
          1,
          0,
          0,
          0,
          0,
          0.7071069,
          -0.70710677,
          0,
          0,
          0.70710677,
          0.7071069,
          0,
          0.01931069,
          2.685539,
          1.5593379,
          1
        ]
      }
    ],
    "1C3235B9-477C-411A-ACDC-9E35702D4FA4" : [
      {
        "date" : 769051147.919794,
        "title" : "Untitled",
        "transform" : [
          1,
          0,
          -0,
          0,
          -0,
          0.7071069,
          -0.7071067,
          0,
          0,
          0.7071067,
          0.7071069,
          0,
          0.00048033148,
          1.1181511,
          0.3072835,
          1
        ]
      },
      {
        "date" : 769012761.319767,
        "title" : "Untitled",
        "transform" : [
          1,
          0,
          0,
          0,
          0,
          0.7071069,
          -0.70710677,
          0,
          0,
          0.70710677,
          0.7071069,
          0,
          -0.049490653,
          1.8393099,
          0.6041864,
          1
        ]
      },
      {
        "date" : 769012558.954534,
        "title" : "Untitled",
        "transform" : [
          1,
          0,
          0,
          0,
          0,
          0.7071069,
          -0.70710677,
          0,
          0,
          0.70710677,
          0.7071069,
          0,
          0.0033981553,
          1.5720289,
          0.45041034,
          1
        ]
      },
      {
        "date" : 769012556.355698,
        "title" : "Untitled",
        "transform" : [
          1,
          0,
          0,
          0,
          0,
          0.7071069,
          -0.70710677,
          0,
          0,
          0.70710677,
          0.7071069,
          0,
          0.003351193,
          1.5503035,
          0.44418567,
          1
        ]
      },
      {
        "date" : 769012303.489382,
        "title" : "Untitled",
        "transform" : [
          1,
          0,
          0,
          0,
          0,
          0.7071069,
          -0.70710677,
          0,
          0,
          0.70710677,
          0.7071069,
          0,
          -0.08655185,
          1.9967453,
          1.3661325,
          1
        ]
      },
      {
        "date" : 768899595.302354,
        "title" : "Untitled",
        "transform" : [
          1,
          0,
          0,
          0,
          0,
          0.7071069,
          -0.70710677,
          0,
          0,
          0.70710677,
          0.7071069,
          0,
          0.06909364,
          2.128813,
          1.2340648,
          1
        ]
      },
      {
        "date" : 768899586.550641,
        "title" : "Untitled",
        "transform" : [
          1,
          0,
          0,
          0,
          0,
          0.7071069,
          -0.70710677,
          0,
          0,
          0.70710677,
          0.7071069,
          0,
          0.07514858,
          2.3153691,
          1.3422108,
          1
        ]
      },
      {
        "date" : 768894237.500729,
        "title" : "Untitled",
        "transform" : [
          1,
          0,
          0,
          0,
          0,
          0.7071069,
          -0.70710677,
          0,
          0,
          0.70710677,
          0.7071069,
          0,
          0.02674079,
          2.2069762,
          1.450604,
          1
        ]
      }
    ],
    "1EB2273C-70E8-4D19-9B71-445B3530F9A7" : [
      {
        "date" : 769051137.059771,
        "title" : "Untitled",
        "transform" : [
          1,
          0,
          0,
          0,
          0,
          0.7071069,
          -0.70710677,
          0,
          0,
          0.70710677,
          0.7071069,
          0,
          -0.13701558,
          2.3355615,
          1.3220193,
          1
        ]
      }
    ],
    "21AD76A0-0900-4704-B9A1-6B2D243FDD97" : [
      {
        "date" : 767597746.284219,
        "title" : "Untitled",
        "transform" : [
          1,
          0,
          0,
          0,
          0,
          0.7071069,
          -0.70710677,
          0,
          0,
          0.70710677,
          0.7071069,
          0,
          -0.125799,
          1.8638585,
          1.7937223,
          1
        ]
      },
      {
        "date" : 767597671.185796,
        "title" : "Untitled",
        "transform" : [
          1,
          0,
          0,
          0,
          0,
          0.7071069,
          -0.70710677,
          0,
          0,
          0.70710677,
          0.7071069,
          0,
          0.013373971,
          2.0037029,
          1.6538774,
          1
        ]
      }
    ],
    "3257B7B5-371D-413A-A1C7-C953BD54415F" : [
      {
        "date" : 768899400.086319,
        "title" : "Untitled",
        "transform" : [
          1,
          0,
          0,
          0,
          0,
          0.7071069,
          -0.70710677,
          0,
          0,
          0.70710677,
          0.7071069,
          0,
          0.11365509,
          2.2589862,
          1.3985941,
          1
        ]
      }
    ],
    "75980566-22FA-42C7-9169-DE1929ABAD97" : [
      {
        "date" : 767598915.693933,
        "title" : "Untitled",
        "transform" : [
          1,
          0,
          0,
          0,
          0,
          0.7071069,
          -0.70710677,
          0,
          0,
          0.70710677,
          0.7071069,
          0,
          -0.0802263,
          2.1313398,
          1.5262413,
          1
        ]
      }
    ],
    "7AEA4E5A-A08D-4FCB-8CC9-32113E970240" : [
      {
        "date" : 767597927.831267,
        "title" : "Untitled",
        "transform" : [
          1,
          0,
          0,
          0,
          0,
          0.7071069,
          -0.70710677,
          0,
          0,
          0.70710677,
          0.7071069,
          0,
          -0.14280033,
          1.9742639,
          1.6833165,
          1
        ]
      },
      {
        "date" : 767597229.19031,
        "title" : "Untitled",
        "transform" : [
          1,
          0,
          0,
          0,
          0,
          0.7071069,
          -0.70710677,
          0,
          0,
          0.70710677,
          0.7071069,
          0,
          -0.053481817,
          2.2211545,
          1.4364262,
          1
        ]
      }
    ],
    "89B737BD-F55B-4C03-B97B-496F72FC5643" : [
      {
        "date" : 768376508.111623,
        "title" : "Untitled",
        "transform" : [
          0.9378132,
          -9.029087e-09,
          -0.3471403,
          0,
          -0.1856535,
          0.8449735,
          -0.5015502,
          0,
          0.29332426,
          0.5348083,
          0.7924273,
          0,
          0.87377286,
          1.2560039,
          4.7204685,
          1
        ]
      },
      {
        "date" : 768376387.778189,
        "title" : "Untitled",
        "transform" : [
          0.09106725,
          1.6054326e-08,
          -0.9958448,
          0,
          -0.99523807,
          0.034899667,
          -0.09101182,
          0,
          0.034754585,
          0.9993908,
          0.0031782591,
          0,
          1.3122134,
          4.6017876,
          0.60983825,
          1
        ]
      },
      {
        "date" : 768376384.39909,
        "title" : "Untitled",
        "transform" : [
          0.09106725,
          1.6054326e-08,
          -0.9958448,
          0,
          -0.99523807,
          0.034899667,
          -0.09101182,
          0,
          0.034754585,
          0.9993908,
          0.0031782591,
          0,
          0.33369538,
          4.6384964,
          -0.23299807,
          1
        ]
      },
      {
        "date" : 768376375.645116,
        "title" : "Untitled",
        "transform" : [
          0.053258773,
          1.5719829e-08,
          -0.99858075,
          0,
          -0.9837016,
          0.17198396,
          -0.05246526,
          0,
          0.1717398,
          0.98509973,
          0.009159699,
          0,
          0.5776126,
          4.5780168,
          -0.23198494,
          1
        ]
      },
      {
        "date" : 768376372.694514,
        "title" : "Untitled",
        "transform" : [
          0.08350076,
          1.3762374e-08,
          -0.9965075,
          0,
          -0.10510945,
          0.9944217,
          -0.008807531,
          0,
          0.99094874,
          0.10547789,
          0.083035,
          0,
          2.095695,
          0.45335135,
          -0.08773306,
          1
        ]
      },
      {
        "date" : 768376358.63715,
        "title" : "Untitled",
        "transform" : [
          0.14162928,
          8.777085e-09,
          -0.9899197,
          0,
          0.9893168,
          0.034899488,
          0.14154297,
          0,
          0.034547772,
          -0.9993908,
          0.004942822,
          0,
          0.38496056,
          -2.065658,
          -0.2125346,
          1
        ]
      },
      {
        "date" : 768376339.861161,
        "title" : "Untitled",
        "transform" : [
          -0.0005917978,
          -1.6257223e-09,
          -0.9999998,
          0,
          -0.14139722,
          0.989953,
          8.364531e-05,
          0,
          0.98995274,
          0.1413973,
          -0.00058585126,
          0,
          4.771491,
          1.6989014,
          -0.14245701,
          1
        ]
      },
      {
        "date" : 768376316.594516,
        "title" : "Untitled",
        "transform" : [
          0.112021856,
          -2.1944757e-09,
          0.99370575,
          0,
          0.0035923095,
          0.9999934,
          -0.0004049327,
          0,
          -0.99369925,
          0.003615108,
          0.11202108,
          0,
          -3.559839,
          1.2510344,
          0.12216619,
          1
        ]
      },
      {
        "date" : 768376314.962271,
        "title" : "Untitled",
        "transform" : [
          0.112021856,
          -2.1944757e-09,
          0.99370575,
          0,
          0.0035923095,
          0.9999934,
          -0.0004049327,
          0,
          -0.99369925,
          0.003615108,
          0.11202108,
          0,
          -3.223816,
          1.229199,
          -0.053021193,
          1
        ]
      },
      {
        "date" : 768376299.346162,
        "title" : "Untitled",
        "transform" : [
          -0.9795442,
          -2.0441688e-09,
          0.2012288,
          0,
          0.014663969,
          0.9973412,
          0.07138161,
          0,
          -0.20069371,
          0.07287232,
          -0.9769399,
          0,
          -0.1691429,
          1.0661824,
          -3.9832807,
          1
        ]
      }
    ],
    "8CC04CFD-5647-4E60-AD78-3E9D4CF51EC4" : [
      {
        "date" : 767597161.281122,
        "title" : "Untitled",
        "transform" : [
          1,
          0,
          0,
          0,
          0,
          0.7071069,
          -0.70710677,
          0,
          0,
          0.70710677,
          0.7071069,
          0,
          0.031573795,
          2.8718119,
          2.7220194,
          1
        ]
      },
      {
        "date" : 767597159.724018,
        "title" : "Untitled",
        "transform" : [
          1,
          0,
          0,
          0,
          0,
          0.7071069,
          -0.70710677,
          0,
          0,
          0.70710677,
          0.7071069,
          0,
          0.042386815,
          3.855316,
          3.6542242,
          1
        ]
      },
      {
        "date" : 767597146.774384,
        "title" : "Untitled",
        "transform" : [
          1,
          0,
          0,
          0,
          0,
          0.7071069,
          -0.70710677,
          0,
          0,
          0.70710677,
          0.7071069,
          0,
          0.012141883,
          1.1043717,
          1.0467681,
          1
        ]
      }
    ],
    "9B1CC9B5-B2DC-42A6-BB4A-1548DC557435" : [
      {
        "date" : 768897384.273032,
        "title" : "Untitled",
        "transform" : [
          0.9917638,
          -1.3882282e-09,
          -0.12808043,
          0,
          0.0030567376,
          0.9997152,
          0.023669198,
          0,
          0.12804398,
          -0.023865683,
          0.9914813,
          0,
          0.023449779,
          0.9740852,
          2.6909933,
          1
        ]
      },
      {
        "date" : 768897357.373779,
        "title" : "Untitled",
        "transform" : [
          0.9917639,
          -1.3882283e-09,
          -0.12808044,
          0,
          0.0030567376,
          0.9997152,
          0.023669198,
          0,
          0.12804398,
          -0.023865683,
          0.9914813,
          0,
          -0.3097192,
          0.18008363,
          2.7149076,
          1
        ]
      },
      {
        "date" : 768897343.743681,
        "title" : "Untitled",
        "transform" : [
          0.9708706,
          -1.4005672e-09,
          -0.23960467,
          0,
          0.00675857,
          0.99960214,
          0.02738551,
          0,
          0.23950934,
          -0.028207093,
          0.9704842,
          0,
          5.2119326e-06,
          0.16856082,
          2.733252,
          1
        ]
      },
      {
        "date" : 768897339.123074,
        "title" : "Untitled",
        "transform" : [
          0.97992885,
          -1.5008701e-09,
          -0.19934757,
          0,
          0.007699647,
          0.99925387,
          0.037848994,
          0,
          0.19919883,
          -0.038624153,
          0.9791976,
          0,
          -0.11243317,
          0.14089352,
          2.7325056,
          1
        ]
      },
      {
        "date" : 768897336.572276,
        "title" : "Untitled",
        "transform" : [
          0.8406147,
          1.8703616e-09,
          -0.5416336,
          0,
          -0.0994136,
          0.98301154,
          -0.1542898,
          0,
          0.532432,
          0.18354407,
          0.8263339,
          0,
          0.8350806,
          0.7252035,
          2.5051546,
          1
        ]
      },
      {
        "date" : 768897330.167099,
        "title" : "Untitled",
        "transform" : [
          0.9326102,
          2.3765554e-09,
          -0.36088526,
          0,
          -0.06424693,
          0.9840259,
          -0.1660288,
          0,
          0.35512042,
          0.17802598,
          0.9177125,
          0,
          -0.21977405,
          1.1632482,
          2.7446313,
          1
        ]
      },
      {
        "date" : 768897328.184251,
        "title" : "Untitled",
        "transform" : [
          0.9785089,
          2.3621474e-09,
          -0.20620416,
          0,
          -0.045526963,
          0.97532237,
          -0.21604092,
          0,
          0.20111552,
          0.22078587,
          0.9543616,
          0,
          -0.6692601,
          1.2703495,
          2.6215932,
          1
        ]
      },
      {
        "date" : 768897323.924912,
        "title" : "Untitled",
        "transform" : [
          0.95869637,
          4.950209e-10,
          -0.28443128,
          0,
          0.060781058,
          0.9769008,
          0.20486699,
          0,
          0.27786115,
          -0.21369325,
          0.93655133,
          0,
          -0.36762106,
          0.12103475,
          2.9638917,
          1
        ]
      },
      {
        "date" : 768897289.580817,
        "title" : "Untitled",
        "transform" : [
          0.99925315,
          0,
          0.03864089,
          0,
          0.019840315,
          0.85811716,
          -0.5130704,
          0,
          -0.03315841,
          0.5134539,
          0.8574763,
          0,
          -1.2684157,
          1.9628763,
          1.8635144,
          1
        ]
      },
      {
        "date" : 768897276.672746,
        "title" : "Untitled",
        "transform" : [
          0.99925315,
          0,
          0.03864089,
          0,
          0.019840315,
          0.85811716,
          -0.5130704,
          0,
          -0.03315841,
          0.5134539,
          0.8574763,
          0,
          -1.4496815,
          2.0076094,
          1.8297194,
          1
        ]
      }
    ],
    "9ED1FE75-F540-4D68-85B0-6F9F8A6ED893" : [
      {
        "date" : 767534602.968002,
        "title" : "Untitled",
        "transform" : [
          0.9976598,
          -3.3869965e-09,
          0.06837334,
          0,
          0.0027356425,
          0.99919933,
          -0.039916724,
          0,
          -0.06831859,
          0.04001029,
          0.996861,
          0,
          0.29163438,
          1.0007687,
          2.6070569,
          1
        ]
      },
      {
        "date" : 767534594.597384,
        "title" : "Untitled",
        "transform" : [
          0.9976598,
          -3.3869965e-09,
          0.06837334,
          0,
          0.0027356425,
          0.99919933,
          -0.039916724,
          0,
          -0.06831859,
          0.04001029,
          0.996861,
          0,
          -0.042438924,
          0.93995667,
          2.5866024,
          1
        ]
      },
      {
        "date" : 767519550.184313,
        "title" : "Untitled",
        "transform" : [
          1,
          0,
          0,
          0,
          0,
          0.7071069,
          -0.7071067,
          0,
          0,
          0.7071067,
          0.7071069,
          0,
          -0.18367541,
          2.126982,
          1.5768297,
          1
        ]
      },
      {
        "date" : 767519539.379391,
        "title" : "Untitled",
        "transform" : [
          1,
          0,
          0,
          0,
          0,
          0.7071069,
          -0.7071067,
          0,
          0,
          0.7071067,
          0.7071069,
          0,
          0.51533914,
          3.214678,
          2.7449212,
          1
        ]
      },
      {
        "date" : 767419742.440526,
        "title" : "Untitled",
        "transform" : [
          1,
          0,
          0,
          0,
          0,
          0.7071069,
          -0.7071067,
          0,
          0,
          0.7071067,
          0.7071069,
          0,
          0.51533914,
          3.214678,
          2.7449212,
          1
        ]
      },
      {
        "date" : 767419741.228493,
        "title" : "Untitled",
        "transform" : [
          1,
          0,
          0,
          0,
          0,
          0.7071069,
          -0.7071067,
          0,
          0,
          0.7071067,
          0.7071069,
          0,
          0.9095318,
          5.673646,
          4.844563,
          1
        ]
      },
      {
        "date" : 767419735.541828,
        "title" : "Untitled",
        "transform" : [
          1,
          0,
          0,
          0,
          0,
          0.7071069,
          -0.7071067,
          0,
          0,
          0.7071067,
          0.7071069,
          0,
          10.956705,
          46.5455,
          45.24328,
          1
        ]
      },
      {
        "date" : 767419732.457585,
        "title" : "Untitled",
        "transform" : [
          1,
          0,
          0,
          0,
          0,
          0.7071069,
          -0.7071067,
          0,
          0,
          0.7071067,
          0.7071069,
          0,
          4.6586537,
          56.947533,
          53.43026,
          1
        ]
      },
      {
        "date" : 767419713.04077,
        "title" : "Untitled",
        "transform" : [
          1,
          0,
          0,
          0,
          0,
          0.7071069,
          -0.7071067,
          0,
          0,
          0.7071067,
          0.7071069,
          0,
          4.658654,
          56.94753,
          53.43026,
          1
        ]
      },
      {
        "date" : 767419689.90899,
        "title" : "Untitled",
        "transform" : [
          1,
          0,
          0,
          0,
          0,
          0.7071069,
          -0.7071067,
          0,
          0,
          0.7071067,
          0.7071069,
          0,
          2.2050385,
          4.699446,
          3.202233,
          1
        ]
      }
    ],
    "AF09ED6F-1707-48FD-8720-65B998362C09" : [
      {
        "date" : 765464903.383566,
        "title" : "Untitled",
        "transform" : [
          0.9999709,
          0,
          0.0076293205,
          0,
          0.0053947438,
          0.7071068,
          -0.70708615,
          0,
          -0.005394745,
          0.70710677,
          0.7070863,
          0,
          -0.0068735303,
          0.900936,
          0.9009099,
          1
        ]
      },
      {
        "date" : 765464852.114933,
        "title" : "Untitled",
        "transform" : [
          0.9999709,
          0,
          0.0076293205,
          0,
          0.0053947438,
          0.7071068,
          -0.70708615,
          0,
          -0.005394745,
          0.70710677,
          0.7070863,
          0,
          -0.010270773,
          1.3462237,
          1.3461847,
          1
        ]
      },
      {
        "date" : 765464845.931858,
        "title" : "Untitled",
        "transform" : [
          1,
          0,
          0,
          0,
          0,
          0.7071069,
          -0.70710677,
          0,
          0,
          0.70710677,
          0.7071069,
          0,
          0,
          0.5707001,
          0.57070017,
          1
        ]
      }
    ],
    "B8F43334-695F-418F-8B24-188D6B6AAA27" : [
      {
        "date" : 769022913.800946,
        "title" : "Untitled",
        "transform" : [
          0.9918796,
          3.6106251e-09,
          0.12718086,
          0,
          0.04353874,
          0.93957716,
          -0.33955732,
          0,
          -0.119496234,
          0.34233728,
          0.9319474,
          0,
          -0.15183222,
          1.3774368,
          1.1164048,
          1
        ]
      },
      {
        "date" : 769012879.641488,
        "title" : "Untitled",
        "transform" : [
          0.9918796,
          3.6106251e-09,
          0.12718086,
          0,
          0.04353874,
          0.93957716,
          -0.33955732,
          0,
          -0.119496234,
          0.34233728,
          0.9319474,
          0,
          -0.20911002,
          1.1928197,
          1.176877,
          1
        ]
      },
      {
        "date" : 769012877.455204,
        "title" : "Untitled",
        "transform" : [
          0.9918796,
          3.6106251e-09,
          0.12718086,
          0,
          0.04353874,
          0.93957716,
          -0.33955732,
          0,
          -0.119496234,
          0.34233728,
          0.9319474,
          0,
          -0.70417917,
          1.789548,
          0.8941989,
          1
        ]
      },
      {
        "date" : 769012876.187054,
        "title" : "Untitled",
        "transform" : [
          0.9918796,
          3.6106251e-09,
          0.12718086,
          0,
          0.04353874,
          0.93957716,
          -0.33955732,
          0,
          -0.119496234,
          0.34233728,
          0.9319474,
          0,
          -0.17925502,
          1.371224,
          1.1151713,
          1
        ]
      },
      {
        "date" : 769012863.876468,
        "title" : "Untitled",
        "transform" : [
          0.9918796,
          3.6106251e-09,
          0.12718086,
          0,
          0.04353874,
          0.93957716,
          -0.33955732,
          0,
          -0.119496234,
          0.34233728,
          0.9319474,
          0,
          -0.34180614,
          0.47617245,
          0.33356845,
          1
        ]
      },
      {
        "date" : 769012858.087733,
        "title" : "Untitled",
        "transform" : [
          0.9918796,
          3.6106251e-09,
          0.12718086,
          0,
          0.04353874,
          0.93957716,
          -0.33955732,
          0,
          -0.119496234,
          0.34233728,
          0.9319474,
          0,
          -0.09072369,
          0.8253603,
          0.23749375,
          1
        ]
      },
      {
        "date" : 769012773.535621,
        "title" : "Untitled",
        "transform" : [
          0.9918796,
          3.6106251e-09,
          0.12718086,
          0,
          0.04353874,
          0.93957716,
          -0.33955732,
          0,
          -0.119496234,
          0.34233728,
          0.9319474,
          0,
          -0.14532006,
          1.3377353,
          0.79366994,
          1
        ]
      },
      {
        "date" : 769012721.568927,
        "title" : "Untitled",
        "transform" : [
          0.9918796,
          3.6106251e-09,
          0.12718086,
          0,
          0.04353874,
          0.93957716,
          -0.33955732,
          0,
          -0.119496234,
          0.34233728,
          0.9319474,
          0,
          -0.044356823,
          1.5335828,
          0.73467374,
          1
        ]
      },
      {
        "date" : 769012566.121765,
        "title" : "Untitled",
        "transform" : [
          0.9918796,
          3.6106251e-09,
          0.12718086,
          0,
          0.04353874,
          0.93957716,
          -0.33955732,
          0,
          -0.119496234,
          0.34233728,
          0.9319474,
          0,
          0.013513431,
          1.2993788,
          0.20620096,
          1
        ]
      },
      {
        "date" : 769012239.839963,
        "title" : "Untitled",
        "transform" : [
          0.9899922,
          3.6106251e-09,
          0.14112218,
          0,
          0.04831137,
          0.93957716,
          -0.3389112,
          0,
          -0.13259517,
          0.34233728,
          0.93017405,
          0,
          -0.18721525,
          1.6892593,
          1.2588286,
          1
        ]
      }
    ],
    "D4CCF5B8-1DA4-478D-A5EC-EAF3C068CFFF" : [
      {
        "date" : 768897442.522621,
        "title" : "Untitled",
        "transform" : [
          1,
          0,
          0,
          0,
          0,
          0.7071069,
          -0.70710677,
          0,
          0,
          0.70710677,
          0.7071069,
          0,
          -0.024025656,
          2.1337266,
          1.9024132,
          1
        ]
      },
      {
        "date" : 767598455.356684,
        "title" : "Untitled",
        "transform" : [
          1,
          0,
          0,
          0,
          0,
          0.7071069,
          -0.70710677,
          0,
          0,
          0.70710677,
          0.7071069,
          0,
          -0.09059048,
          2.1001065,
          1.9360329,
          1
        ]
      },
      {
        "date" : 767598449.104796,
        "title" : "Untitled",
        "transform" : [
          1,
          0,
          0,
          0,
          0,
          0.7071069,
          -0.70710677,
          0,
          0,
          0.70710677,
          0.7071069,
          0,
          -0.053701997,
          2.225304,
          1.8108357,
          1
        ]
      },
      {
        "date" : 767598441.723997,
        "title" : "Untitled",
        "transform" : [
          1,
          0,
          0,
          0,
          0,
          0.7071069,
          -0.70710677,
          0,
          0,
          0.70710677,
          0.7071069,
          0,
          -0.06985313,
          1.1045259,
          1.3353252,
          1
        ]
      },
      {
        "date" : 767595795.794614,
        "title" : "Untitled",
        "transform" : [
          1,
          0,
          0,
          0,
          0,
          0.7071069,
          -0.70710677,
          0,
          0,
          0.70710677,
          0.7071069,
          0,
          -0.004421532,
          1.988756,
          0.4510954,
          1
        ]
      },
      {
        "date" : 766928945.066454,
        "title" : "Untitled",
        "transform" : [
          1,
          0,
          0,
          0,
          0,
          0.7071069,
          -0.70710677,
          0,
          0,
          0.70710677,
          0.7071069,
          0,
          -0.09912509,
          1.6489902,
          2.0085907,
          1
        ]
      }
    ],
    "D66134B1-3681-4A8E-AFE5-29F257229F3B" : [
      {
        "date" : 767534600.86237,
        "title" : "Untitled",
        "transform" : [
          0.9962283,
          4.16426e-10,
          -0.08677114,
          0,
          -0.038952924,
          0.8935742,
          -0.44722247,
          0,
          0.07753645,
          0.44891566,
          0.8902039,
          0,
          -0.062325895,
          1.62151,
          2.5680954,
          1
        ]
      },
      {
        "date" : 766388970.493335,
        "title" : "Untitled",
        "transform" : [
          0.9962283,
          4.16426e-10,
          -0.08677114,
          0,
          -0.038952924,
          0.8935742,
          -0.44722247,
          0,
          0.07753645,
          0.44891566,
          0.8902039,
          0,
          0.10561174,
          1.6299052,
          2.5492346,
          1
        ]
      },
      {
        "date" : 765464941.351819,
        "title" : "Untitled",
        "transform" : [
          0.9962283,
          4.16426e-10,
          -0.08677114,
          0,
          -0.038952924,
          0.8935742,
          -0.44722247,
          0,
          0.07753645,
          0.44891566,
          0.8902039,
          0,
          0.029220544,
          1.1876202,
          1.67218,
          1
        ]
      },
      {
        "date" : 765464938.533181,
        "title" : "Untitled",
        "transform" : [
          0.9962283,
          4.16426e-10,
          -0.08677114,
          0,
          -0.038952924,
          0.8935742,
          -0.44722247,
          0,
          0.07753645,
          0.44891566,
          0.8902039,
          0,
          0.07441207,
          1.3465776,
          1.5880839,
          1
        ]
      },
      {
        "date" : 765464926.185995,
        "title" : "Untitled",
        "transform" : [
          1,
          0,
          0,
          0,
          0,
          0.7071069,
          -0.70710677,
          0,
          0,
          0.70710677,
          0.7071069,
          0,
          -0.13273203,
          0.49356896,
          1.1140594,
          1
        ]
      },
      {
        "date" : 765464909.272301,
        "title" : "Untitled",
        "transform" : [
          1,
          0,
          0,
          0,
          0,
          0.7071069,
          -0.70710677,
          0,
          0,
          0.70710677,
          0.7071069,
          0,
          0,
          0.80381423,
          0.8038143,
          1
        ]
      }
    ],
    "FD359081-4AB5-42E3-995B-02002136E525" : [
      {
        "date" : 768899482.002647,
        "title" : "Untitled",
        "transform" : [
          1,
          0,
          0,
          0,
          0,
          0.7071069,
          -0.70710677,
          0,
          0,
          0.70710677,
          0.7071069,
          0,
          -0.11365342,
          2.22116,
          1.4364209,
          1
        ]
      }
    ]
  },
  "sceneViewportBackgroundColors" : {

  },
  "selectedSceneRelativePath" : "MaleDermaModel.usda"
}