{
  "advancedEditorSelectedIdentifier" : "ProjectBrowser",
  "openSceneRelativePaths" : [
    "FemaleDermaModel.usda",
    "WalkFemale.usda",
    "StandToSit.usda",
    "SitToStand.usda"
  ],
  "recentIdentifiers" : {
    "19865729-2A71-4775-9DA3-FEBE7535CF29" : [

    ],
    "7AEA4E5A-A08D-4FCB-8CC9-32113E970240" : [

    ],
    "89B737BD-F55B-4C03-B97B-496F72FC5643" : [

    ],
    "8CC04CFD-5647-4E60-AD78-3E9D4CF51EC4" : [

    ],
    "9B1CC9B5-B2DC-42A6-BB4A-1548DC557435" : [

    ],
    "9ED1FE75-F540-4D68-85B0-6F9F8A6ED893" : [

    ],
    "B8F43334-695F-418F-8B24-188D6B6AAA27" : [

    ],
    "D66134B1-3681-4A8E-AFE5-29F257229F3B" : [

    ]
  },
  "sceneCameraHistory" : {
    "19865729-2A71-4775-9DA3-FEBE7535CF29" : [
      {
        "date" : 767792819.134237,
        "title" : "Untitled",
        "transform" : [
          0.9998029,
          -1.1395697e-10,
          0.019853214,
          0,
          0.0021506741,
          0.9941151,
          -0.10830739,
          0,
          -0.01973638,
          0.10832878,
          0.9939192,
          0,
          -0.04254508,
          0.84242576,
          2.465572,
          1
        ]
      },
      {
        "date" : 767792814.734088,
        "title" : "Untitled",
        "transform" : [
          0.9998029,
          -1.1395697e-10,
          0.019853214,
          0,
          0.0021506741,
          0.9941151,
          -0.10830739,
          0,
          -0.01973638,
          0.10832878,
          0.9939192,
          0,
          -0.056792244,
          0.23770349,
          2.531199,
          1
        ]
      },
      {
        "date" : 767792812.134331,
        "title" : "Untitled",
        "transform" : [
          0.9998029,
          1.9887689e-11,
          0.019853214,
          0,
          0.003601922,
          0.9834044,
          -0.18139187,
          0,
          -0.019523734,
          0.18142764,
          0.98321044,
          0,
          -0.027277775,
          0.12817058,
          1.0448585,
          1
        ]
      },
      {
        "date" : 767792809.917876,
        "title" : "Untitled",
        "transform" : [
          0.99997115,
          -3.1552094e-11,
          -0.007596917,
          0,
          -0.002066363,
          0.9622972,
          -0.27199256,
          0,
          0.0073104883,
          0.27200043,
          0.9622693,
          0,
          -0.00832057,
          0.19215631,
          1.0300643,
          1
        ]
      },
      {
        "date" : 767792802.834642,
        "title" : "Untitled",
        "transform" : [
          0.99905956,
          -5.8892585e-11,
          -0.043359257,
          0,
          -0.02514931,
          0.81460106,
          -0.57947624,
          0,
          0.03532049,
          0.5800217,
          0.8138349,
          0,
          -0.07463479,
          1.8741353,
          2.355734,
          1
        ]
      },
      {
        "date" : 767792797.270239,
        "title" : "Untitled",
        "transform" : [
          0.99905956,
          -5.8892585e-11,
          -0.043359257,
          0,
          -0.02514931,
          0.81460106,
          -0.57947624,
          0,
          0.035320494,
          0.58002174,
          0.813835,
          0,
          0.13812898,
          1.5741918,
          2.5602703,
          1
        ]
      },
      {
        "date" : 767792794.950394,
        "title" : "Untitled",
        "transform" : [
          0.9987137,
          -4.3874127e-11,
          0.05070562,
          0,
          0.02793733,
          0.8345244,
          -0.55026233,
          0,
          -0.042315073,
          0.5509711,
          0.8334509,
          0,
          -0.10577939,
          1.4829146,
          2.615706,
          1
        ]
      },
      {
        "date" : 767792792.683402,
        "title" : "Untitled",
        "transform" : [
          0.9999487,
          -1.9145241e-11,
          0.010129137,
          0,
          0.005181137,
          0.85927844,
          -0.511482,
          0,
          -0.008703749,
          0.5115082,
          0.85923433,
          0,
          -0.00019956562,
          1.3593951,
          2.6840615,
          1
        ]
      },
      {
        "date" : 767792766.867616,
        "title" : "Untitled",
        "transform" : [
          1,
          0,
          0,
          0,
          0,
          0.7071069,
          -0.70710677,
          0,
          0,
          0.70710677,
          0.7071069,
          0,
          0.25200164,
          2.0380023,
          2.2068748,
          1
        ]
      },
      {
        "date" : 767792662.522379,
        "title" : "Untitled",
        "transform" : [
          1,
          0,
          0,
          0,
          0,
          0.7071069,
          -0.70710677,
          0,
          0,
          0.70710677,
          0.7071069,
          0,
          0.01931069,
          2.685539,
          1.5593379,
          1
        ]
      }
    ],
    "21AD76A0-0900-4704-B9A1-6B2D243FDD97" : [
      {
        "date" : 767597746.284219,
        "title" : "Untitled",
        "transform" : [
          1,
          0,
          0,
          0,
          0,
          0.7071069,
          -0.70710677,
          0,
          0,
          0.70710677,
          0.7071069,
          0,
          -0.125799,
          1.8638585,
          1.7937223,
          1
        ]
      },
      {
        "date" : 767597671.185796,
        "title" : "Untitled",
        "transform" : [
          1,
          0,
          0,
          0,
          0,
          0.7071069,
          -0.70710677,
          0,
          0,
          0.70710677,
          0.7071069,
          0,
          0.013373971,
          2.0037029,
          1.6538774,
          1
        ]
      }
    ],
    "75980566-22FA-42C7-9169-DE1929ABAD97" : [
      {
        "date" : 767598915.693933,
        "title" : "Untitled",
        "transform" : [
          1,
          0,
          0,
          0,
          0,
          0.7071069,
          -0.70710677,
          0,
          0,
          0.70710677,
          0.7071069,
          0,
          -0.0802263,
          2.1313398,
          1.5262413,
          1
        ]
      }
    ],
    "7AEA4E5A-A08D-4FCB-8CC9-32113E970240" : [
      {
        "date" : 767597927.831267,
        "title" : "Untitled",
        "transform" : [
          1,
          0,
          0,
          0,
          0,
          0.7071069,
          -0.70710677,
          0,
          0,
          0.70710677,
          0.7071069,
          0,
          -0.14280033,
          1.9742639,
          1.6833165,
          1
        ]
      },
      {
        "date" : 767597229.19031,
        "title" : "Untitled",
        "transform" : [
          1,
          0,
          0,
          0,
          0,
          0.7071069,
          -0.70710677,
          0,
          0,
          0.70710677,
          0.7071069,
          0,
          -0.053481817,
          2.2211545,
          1.4364262,
          1
        ]
      }
    ],
    "89B737BD-F55B-4C03-B97B-496F72FC5643" : [
      {
        "date" : 768376508.111623,
        "title" : "Untitled",
        "transform" : [
          0.9378132,
          -9.029087e-09,
          -0.3471403,
          0,
          -0.1856535,
          0.8449735,
          -0.5015502,
          0,
          0.29332426,
          0.5348083,
          0.7924273,
          0,
          0.87377286,
          1.2560039,
          4.7204685,
          1
        ]
      },
      {
        "date" : 768376387.778189,
        "title" : "Untitled",
        "transform" : [
          0.09106725,
          1.6054326e-08,
          -0.9958448,
          0,
          -0.99523807,
          0.034899667,
          -0.09101182,
          0,
          0.034754585,
          0.9993908,
          0.0031782591,
          0,
          1.3122134,
          4.6017876,
          0.60983825,
          1
        ]
      },
      {
        "date" : 768376384.39909,
        "title" : "Untitled",
        "transform" : [
          0.09106725,
          1.6054326e-08,
          -0.9958448,
          0,
          -0.99523807,
          0.034899667,
          -0.09101182,
          0,
          0.034754585,
          0.9993908,
          0.0031782591,
          0,
          0.33369538,
          4.6384964,
          -0.23299807,
          1
        ]
      },
      {
        "date" : 768376375.645116,
        "title" : "Untitled",
        "transform" : [
          0.053258773,
          1.5719829e-08,
          -0.99858075,
          0,
          -0.9837016,
          0.17198396,
          -0.05246526,
          0,
          0.1717398,
          0.98509973,
          0.009159699,
          0,
          0.5776126,
          4.5780168,
          -0.23198494,
          1
        ]
      },
      {
        "date" : 768376372.694514,
        "title" : "Untitled",
        "transform" : [
          0.08350076,
          1.3762374e-08,
          -0.9965075,
          0,
          -0.10510945,
          0.9944217,
          -0.008807531,
          0,
          0.99094874,
          0.10547789,
          0.083035,
          0,
          2.095695,
          0.45335135,
          -0.08773306,
          1
        ]
      },
      {
        "date" : 768376358.63715,
        "title" : "Untitled",
        "transform" : [
          0.14162928,
          8.777085e-09,
          -0.9899197,
          0,
          0.9893168,
          0.034899488,
          0.14154297,
          0,
          0.034547772,
          -0.9993908,
          0.004942822,
          0,
          0.38496056,
          -2.065658,
          -0.2125346,
          1
        ]
      },
      {
        "date" : 768376339.861161,
        "title" : "Untitled",
        "transform" : [
          -0.0005917978,
          -1.6257223e-09,
          -0.9999998,
          0,
          -0.14139722,
          0.989953,
          8.364531e-05,
          0,
          0.98995274,
          0.1413973,
          -0.00058585126,
          0,
          4.771491,
          1.6989014,
          -0.14245701,
          1
        ]
      },
      {
        "date" : 768376316.594516,
        "title" : "Untitled",
        "transform" : [
          0.112021856,
          -2.1944757e-09,
          0.99370575,
          0,
          0.0035923095,
          0.9999934,
          -0.0004049327,
          0,
          -0.99369925,
          0.003615108,
          0.11202108,
          0,
          -3.559839,
          1.2510344,
          0.12216619,
          1
        ]
      },
      {
        "date" : 768376314.962271,
        "title" : "Untitled",
        "transform" : [
          0.112021856,
          -2.1944757e-09,
          0.99370575,
          0,
          0.0035923095,
          0.9999934,
          -0.0004049327,
          0,
          -0.99369925,
          0.003615108,
          0.11202108,
          0,
          -3.223816,
          1.229199,
          -0.053021193,
          1
        ]
      },
      {
        "date" : 768376299.346162,
        "title" : "Untitled",
        "transform" : [
          -0.9795442,
          -2.0441688e-09,
          0.2012288,
          0,
          0.014663969,
          0.9973412,
          0.07138161,
          0,
          -0.20069371,
          0.07287232,
          -0.9769399,
          0,
          -0.1691429,
          1.0661824,
          -3.9832807,
          1
        ]
      }
    ],
    "8CC04CFD-5647-4E60-AD78-3E9D4CF51EC4" : [
      {
        "date" : 767597161.281122,
        "title" : "Untitled",
        "transform" : [
          1,
          0,
          0,
          0,
          0,
          0.7071069,
          -0.70710677,
          0,
          0,
          0.70710677,
          0.7071069,
          0,
          0.031573795,
          2.8718119,
          2.7220194,
          1
        ]
      },
      {
        "date" : 767597159.724018,
        "title" : "Untitled",
        "transform" : [
          1,
          0,
          0,
          0,
          0,
          0.7071069,
          -0.70710677,
          0,
          0,
          0.70710677,
          0.7071069,
          0,
          0.042386815,
          3.855316,
          3.6542242,
          1
        ]
      },
      {
        "date" : 767597146.774384,
        "title" : "Untitled",
        "transform" : [
          1,
          0,
          0,
          0,
          0,
          0.7071069,
          -0.70710677,
          0,
          0,
          0.70710677,
          0.7071069,
          0,
          0.012141883,
          1.1043717,
          1.0467681,
          1
        ]
      }
    ],
    "9B1CC9B5-B2DC-42A6-BB4A-1548DC557435" : [
      {
        "date" : 767598902.454634,
        "title" : "Untitled",
        "transform" : [
          1,
          0,
          0,
          0,
          0,
          0.85811716,
          -0.5134539,
          0,
          0,
          0.5134539,
          0.85811716,
          0,
          -0.00090732204,
          1.6609772,
          2.2651515,
          1
        ]
      },
      {
        "date" : 767598794.708927,
        "title" : "Untitled",
        "transform" : [
          1,
          0,
          0,
          0,
          0,
          0.85811716,
          -0.5134539,
          0,
          0,
          0.5134539,
          0.85811716,
          0,
          -0.002657499,
          4.864916,
          6.6345105,
          1
        ]
      },
      {
        "date" : 767598793.09988,
        "title" : "Untitled",
        "transform" : [
          1,
          0,
          -0,
          0,
          -0,
          0.85811716,
          -0.5134539,
          0,
          0,
          0.5134539,
          0.85811716,
          0,
          -0.003992085,
          7.3080587,
          9.966337,
          1
        ]
      },
      {
        "date" : 767598671.063908,
        "title" : "Untitled",
        "transform" : [
          1,
          0,
          0,
          0,
          0,
          0.7071069,
          -0.70710677,
          0,
          0,
          0.70710677,
          0.7071069,
          0,
          0,
          5.379546,
          5.3795466,
          1
        ]
      }
    ],
    "9ED1FE75-F540-4D68-85B0-6F9F8A6ED893" : [
      {
        "date" : 767534602.968002,
        "title" : "Untitled",
        "transform" : [
          0.9976598,
          -3.3869965e-09,
          0.06837334,
          0,
          0.0027356425,
          0.99919933,
          -0.039916724,
          0,
          -0.06831859,
          0.04001029,
          0.996861,
          0,
          0.29163438,
          1.0007687,
          2.6070569,
          1
        ]
      },
      {
        "date" : 767534594.597384,
        "title" : "Untitled",
        "transform" : [
          0.9976598,
          -3.3869965e-09,
          0.06837334,
          0,
          0.0027356425,
          0.99919933,
          -0.039916724,
          0,
          -0.06831859,
          0.04001029,
          0.996861,
          0,
          -0.042438924,
          0.93995667,
          2.5866024,
          1
        ]
      },
      {
        "date" : 767519550.184313,
        "title" : "Untitled",
        "transform" : [
          1,
          0,
          0,
          0,
          0,
          0.7071069,
          -0.7071067,
          0,
          0,
          0.7071067,
          0.7071069,
          0,
          -0.18367541,
          2.126982,
          1.5768297,
          1
        ]
      },
      {
        "date" : 767519539.379391,
        "title" : "Untitled",
        "transform" : [
          1,
          0,
          0,
          0,
          0,
          0.7071069,
          -0.7071067,
          0,
          0,
          0.7071067,
          0.7071069,
          0,
          0.51533914,
          3.214678,
          2.7449212,
          1
        ]
      },
      {
        "date" : 767419742.440526,
        "title" : "Untitled",
        "transform" : [
          1,
          0,
          0,
          0,
          0,
          0.7071069,
          -0.7071067,
          0,
          0,
          0.7071067,
          0.7071069,
          0,
          0.51533914,
          3.214678,
          2.7449212,
          1
        ]
      },
      {
        "date" : 767419741.228493,
        "title" : "Untitled",
        "transform" : [
          1,
          0,
          0,
          0,
          0,
          0.7071069,
          -0.7071067,
          0,
          0,
          0.7071067,
          0.7071069,
          0,
          0.9095318,
          5.673646,
          4.844563,
          1
        ]
      },
      {
        "date" : 767419735.541828,
        "title" : "Untitled",
        "transform" : [
          1,
          0,
          0,
          0,
          0,
          0.7071069,
          -0.7071067,
          0,
          0,
          0.7071067,
          0.7071069,
          0,
          10.956705,
          46.5455,
          45.24328,
          1
        ]
      },
      {
        "date" : 767419732.457585,
        "title" : "Untitled",
        "transform" : [
          1,
          0,
          0,
          0,
          0,
          0.7071069,
          -0.7071067,
          0,
          0,
          0.7071067,
          0.7071069,
          0,
          4.6586537,
          56.947533,
          53.43026,
          1
        ]
      },
      {
        "date" : 767419713.04077,
        "title" : "Untitled",
        "transform" : [
          1,
          0,
          0,
          0,
          0,
          0.7071069,
          -0.7071067,
          0,
          0,
          0.7071067,
          0.7071069,
          0,
          4.658654,
          56.94753,
          53.43026,
          1
        ]
      },
      {
        "date" : 767419689.90899,
        "title" : "Untitled",
        "transform" : [
          1,
          0,
          0,
          0,
          0,
          0.7071069,
          -0.7071067,
          0,
          0,
          0.7071067,
          0.7071069,
          0,
          2.2050385,
          4.699446,
          3.202233,
          1
        ]
      }
    ],
    "AF09ED6F-1707-48FD-8720-65B998362C09" : [
      {
        "date" : 765464903.383566,
        "title" : "Untitled",
        "transform" : [
          0.9999709,
          0,
          0.0076293205,
          0,
          0.0053947438,
          0.7071068,
          -0.70708615,
          0,
          -0.005394745,
          0.70710677,
          0.7070863,
          0,
          -0.0068735303,
          0.900936,
          0.9009099,
          1
        ]
      },
      {
        "date" : 765464852.114933,
        "title" : "Untitled",
        "transform" : [
          0.9999709,
          0,
          0.0076293205,
          0,
          0.0053947438,
          0.7071068,
          -0.70708615,
          0,
          -0.005394745,
          0.70710677,
          0.7070863,
          0,
          -0.010270773,
          1.3462237,
          1.3461847,
          1
        ]
      },
      {
        "date" : 765464845.931858,
        "title" : "Untitled",
        "transform" : [
          1,
          0,
          0,
          0,
          0,
          0.7071069,
          -0.70710677,
          0,
          0,
          0.70710677,
          0.7071069,
          0,
          0,
          0.5707001,
          0.57070017,
          1
        ]
      }
    ],
    "B8F43334-695F-418F-8B24-188D6B6AAA27" : [
      {
        "date" : 768376013.263798,
        "title" : "Untitled",
        "transform" : [
          1,
          0,
          0,
          0,
          0,
          0.7071069,
          -0.7071067,
          0,
          0,
          0.7071067,
          0.7071069,
          0,
          -0.20894948,
          2.8177333,
          1.96287,
          1
        ]
      },
      {
        "date" : 767598930.653257,
        "title" : "Untitled",
        "transform" : [
          1,
          0,
          0,
          0,
          0,
          0.7071069,
          -0.7071067,
          0,
          0,
          0.7071067,
          0.7071069,
          0,
          -0.06251559,
          1.8345686,
          1.626538,
          1
        ]
      },
      {
        "date" : 767598342.334584,
        "title" : "Untitled",
        "transform" : [
          1,
          0,
          0,
          0,
          0,
          0.7071069,
          -0.7071067,
          0,
          0,
          0.7071067,
          0.7071069,
          0,
          -0.18618903,
          2.6188428,
          2.6642537,
          1
        ]
      },
      {
        "date" : 767598338.936931,
        "title" : "Untitled",
        "transform" : [
          1,
          0,
          -0,
          0,
          -0,
          0.7071069,
          -0.7071067,
          0,
          0,
          0.7071067,
          0.7071069,
          0,
          -0.0015802234,
          1.8641006,
          1.2141829,
          1
        ]
      }
    ],
    "D4CCF5B8-1DA4-478D-A5EC-EAF3C068CFFF" : [
      {
        "date" : 767598455.356684,
        "title" : "Untitled",
        "transform" : [
          1,
          0,
          0,
          0,
          0,
          0.7071069,
          -0.70710677,
          0,
          0,
          0.70710677,
          0.7071069,
          0,
          -0.09059048,
          2.1001065,
          1.9360329,
          1
        ]
      },
      {
        "date" : 767598449.104796,
        "title" : "Untitled",
        "transform" : [
          1,
          0,
          0,
          0,
          0,
          0.7071069,
          -0.70710677,
          0,
          0,
          0.70710677,
          0.7071069,
          0,
          -0.053701997,
          2.225304,
          1.8108357,
          1
        ]
      },
      {
        "date" : 767598441.723997,
        "title" : "Untitled",
        "transform" : [
          1,
          0,
          0,
          0,
          0,
          0.7071069,
          -0.70710677,
          0,
          0,
          0.70710677,
          0.7071069,
          0,
          -0.06985313,
          1.1045259,
          1.3353252,
          1
        ]
      },
      {
        "date" : 767595795.794614,
        "title" : "Untitled",
        "transform" : [
          1,
          0,
          0,
          0,
          0,
          0.7071069,
          -0.70710677,
          0,
          0,
          0.70710677,
          0.7071069,
          0,
          -0.004421532,
          1.988756,
          0.4510954,
          1
        ]
      },
      {
        "date" : 766928945.066454,
        "title" : "Untitled",
        "transform" : [
          1,
          0,
          0,
          0,
          0,
          0.7071069,
          -0.70710677,
          0,
          0,
          0.70710677,
          0.7071069,
          0,
          -0.09912509,
          1.6489902,
          2.0085907,
          1
        ]
      }
    ],
    "D66134B1-3681-4A8E-AFE5-29F257229F3B" : [
      {
        "date" : 767534600.86237,
        "title" : "Untitled",
        "transform" : [
          0.9962283,
          4.16426e-10,
          -0.08677114,
          0,
          -0.038952924,
          0.8935742,
          -0.44722247,
          0,
          0.07753645,
          0.44891566,
          0.8902039,
          0,
          -0.062325895,
          1.62151,
          2.5680954,
          1
        ]
      },
      {
        "date" : 766388970.493335,
        "title" : "Untitled",
        "transform" : [
          0.9962283,
          4.16426e-10,
          -0.08677114,
          0,
          -0.038952924,
          0.8935742,
          -0.44722247,
          0,
          0.07753645,
          0.44891566,
          0.8902039,
          0,
          0.10561174,
          1.6299052,
          2.5492346,
          1
        ]
      },
      {
        "date" : 765464941.351819,
        "title" : "Untitled",
        "transform" : [
          0.9962283,
          4.16426e-10,
          -0.08677114,
          0,
          -0.038952924,
          0.8935742,
          -0.44722247,
          0,
          0.07753645,
          0.44891566,
          0.8902039,
          0,
          0.029220544,
          1.1876202,
          1.67218,
          1
        ]
      },
      {
        "date" : 765464938.533181,
        "title" : "Untitled",
        "transform" : [
          0.9962283,
          4.16426e-10,
          -0.08677114,
          0,
          -0.038952924,
          0.8935742,
          -0.44722247,
          0,
          0.07753645,
          0.44891566,
          0.8902039,
          0,
          0.07441207,
          1.3465776,
          1.5880839,
          1
        ]
      },
      {
        "date" : 765464926.185995,
        "title" : "Untitled",
        "transform" : [
          1,
          0,
          0,
          0,
          0,
          0.7071069,
          -0.70710677,
          0,
          0,
          0.70710677,
          0.7071069,
          0,
          -0.13273203,
          0.49356896,
          1.1140594,
          1
        ]
      },
      {
        "date" : 765464909.272301,
        "title" : "Untitled",
        "transform" : [
          1,
          0,
          0,
          0,
          0,
          0.7071069,
          -0.70710677,
          0,
          0,
          0.70710677,
          0.7071069,
          0,
          0,
          0.80381423,
          0.8038143,
          1
        ]
      }
    ]
  },
  "sceneViewportBackgroundColors" : {

  },
  "selectedSceneRelativePath" : "WalkFemale.usda"
}