{
  "advancedEditorSelectedIdentifier" : "ProjectBrowser",
  "openSceneRelativePaths" : [
    "Immersive.usda",
    "Scene.usda",
    "Untitle_Scene.usda"
  ],
  "recentIdentifiers" : {
    "9ED1FE75-F540-4D68-85B0-6F9F8A6ED893" : [

    ],
    "D66134B1-3681-4A8E-AFE5-29F257229F3B" : [

    ]
  },
  "sceneCameraHistory" : {
    "9ED1FE75-F540-4D68-85B0-6F9F8A6ED893" : [
      {
        "date" : 767534602.968002,
        "title" : "Untitled",
        "transform" : [
          0.9976598,
          -3.3869965e-09,
          0.06837334,
          0,
          0.0027356425,
          0.99919933,
          -0.039916724,
          0,
          -0.06831859,
          0.04001029,
          0.996861,
          0,
          0.29163438,
          1.0007687,
          2.6070569,
          1
        ]
      },
      {
        "date" : 767534594.597384,
        "title" : "Untitled",
        "transform" : [
          0.9976598,
          -3.3869965e-09,
          0.06837334,
          0,
          0.0027356425,
          0.99919933,
          -0.039916724,
          0,
          -0.06831859,
          0.04001029,
          0.996861,
          0,
          -0.042438924,
          0.93995667,
          2.5866024,
          1
        ]
      },
      {
        "date" : 767519550.184313,
        "title" : "Untitled",
        "transform" : [
          1,
          0,
          0,
          0,
          0,
          0.7071069,
          -0.7071067,
          0,
          0,
          0.7071067,
          0.7071069,
          0,
          -0.18367541,
          2.126982,
          1.5768297,
          1
        ]
      },
      {
        "date" : 767519539.379391,
        "title" : "Untitled",
        "transform" : [
          1,
          0,
          0,
          0,
          0,
          0.7071069,
          -0.7071067,
          0,
          0,
          0.7071067,
          0.7071069,
          0,
          0.51533914,
          3.214678,
          2.7449212,
          1
        ]
      },
      {
        "date" : 767419742.440526,
        "title" : "Untitled",
        "transform" : [
          1,
          0,
          0,
          0,
          0,
          0.7071069,
          -0.7071067,
          0,
          0,
          0.7071067,
          0.7071069,
          0,
          0.51533914,
          3.214678,
          2.7449212,
          1
        ]
      },
      {
        "date" : 767419741.228493,
        "title" : "Untitled",
        "transform" : [
          1,
          0,
          0,
          0,
          0,
          0.7071069,
          -0.7071067,
          0,
          0,
          0.7071067,
          0.7071069,
          0,
          0.9095318,
          5.673646,
          4.844563,
          1
        ]
      },
      {
        "date" : 767419735.541828,
        "title" : "Untitled",
        "transform" : [
          1,
          0,
          0,
          0,
          0,
          0.7071069,
          -0.7071067,
          0,
          0,
          0.7071067,
          0.7071069,
          0,
          10.956705,
          46.5455,
          45.24328,
          1
        ]
      },
      {
        "date" : 767419732.457585,
        "title" : "Untitled",
        "transform" : [
          1,
          0,
          0,
          0,
          0,
          0.7071069,
          -0.7071067,
          0,
          0,
          0.7071067,
          0.7071069,
          0,
          4.6586537,
          56.947533,
          53.43026,
          1
        ]
      },
      {
        "date" : 767419713.04077,
        "title" : "Untitled",
        "transform" : [
          1,
          0,
          0,
          0,
          0,
          0.7071069,
          -0.7071067,
          0,
          0,
          0.7071067,
          0.7071069,
          0,
          4.658654,
          56.94753,
          53.43026,
          1
        ]
      },
      {
        "date" : 767419689.90899,
        "title" : "Untitled",
        "transform" : [
          1,
          0,
          0,
          0,
          0,
          0.7071069,
          -0.7071067,
          0,
          0,
          0.7071067,
          0.7071069,
          0,
          2.2050385,
          4.699446,
          3.202233,
          1
        ]
      }
    ],
    "AF09ED6F-1707-48FD-8720-65B998362C09" : [
      {
        "date" : 765464903.383566,
        "title" : "Untitled",
        "transform" : [
          0.9999709,
          0,
          0.0076293205,
          0,
          0.0053947438,
          0.7071068,
          -0.70708615,
          0,
          -0.005394745,
          0.70710677,
          0.7070863,
          0,
          -0.0068735303,
          0.900936,
          0.9009099,
          1
        ]
      },
      {
        "date" : 765464852.114933,
        "title" : "Untitled",
        "transform" : [
          0.9999709,
          0,
          0.0076293205,
          0,
          0.0053947438,
          0.7071068,
          -0.70708615,
          0,
          -0.005394745,
          0.70710677,
          0.7070863,
          0,
          -0.010270773,
          1.3462237,
          1.3461847,
          1
        ]
      },
      {
        "date" : 765464845.931858,
        "title" : "Untitled",
        "transform" : [
          1,
          0,
          0,
          0,
          0,
          0.7071069,
          -0.70710677,
          0,
          0,
          0.70710677,
          0.7071069,
          0,
          0,
          0.5707001,
          0.57070017,
          1
        ]
      }
    ],
    "D4CCF5B8-1DA4-478D-A5EC-EAF3C068CFFF" : [
      {
        "date" : 766928945.066454,
        "title" : "Untitled",
        "transform" : [
          1,
          0,
          0,
          0,
          0,
          0.7071069,
          -0.70710677,
          0,
          0,
          0.70710677,
          0.7071069,
          0,
          -0.09912509,
          1.6489902,
          2.0085907,
          1
        ]
      }
    ],
    "D66134B1-3681-4A8E-AFE5-29F257229F3B" : [
      {
        "date" : 767534600.86237,
        "title" : "Untitled",
        "transform" : [
          0.9962283,
          4.16426e-10,
          -0.08677114,
          0,
          -0.038952924,
          0.8935742,
          -0.44722247,
          0,
          0.07753645,
          0.44891566,
          0.8902039,
          0,
          -0.062325895,
          1.62151,
          2.5680954,
          1
        ]
      },
      {
        "date" : 766388970.493335,
        "title" : "Untitled",
        "transform" : [
          0.9962283,
          4.16426e-10,
          -0.08677114,
          0,
          -0.038952924,
          0.8935742,
          -0.44722247,
          0,
          0.07753645,
          0.44891566,
          0.8902039,
          0,
          0.10561174,
          1.6299052,
          2.5492346,
          1
        ]
      },
      {
        "date" : 765464941.351819,
        "title" : "Untitled",
        "transform" : [
          0.9962283,
          4.16426e-10,
          -0.08677114,
          0,
          -0.038952924,
          0.8935742,
          -0.44722247,
          0,
          0.07753645,
          0.44891566,
          0.8902039,
          0,
          0.029220544,
          1.1876202,
          1.67218,
          1
        ]
      },
      {
        "date" : 765464938.533181,
        "title" : "Untitled",
        "transform" : [
          0.9962283,
          4.16426e-10,
          -0.08677114,
          0,
          -0.038952924,
          0.8935742,
          -0.44722247,
          0,
          0.07753645,
          0.44891566,
          0.8902039,
          0,
          0.07441207,
          1.3465776,
          1.5880839,
          1
        ]
      },
      {
        "date" : 765464926.185995,
        "title" : "Untitled",
        "transform" : [
          1,
          0,
          0,
          0,
          0,
          0.7071069,
          -0.70710677,
          0,
          0,
          0.70710677,
          0.7071069,
          0,
          -0.13273203,
          0.49356896,
          1.1140594,
          1
        ]
      },
      {
        "date" : 765464909.272301,
        "title" : "Untitled",
        "transform" : [
          1,
          0,
          0,
          0,
          0,
          0.7071069,
          -0.70710677,
          0,
          0,
          0.70710677,
          0.7071069,
          0,
          0,
          0.80381423,
          0.8038143,
          1
        ]
      }
    ]
  },
  "sceneViewportBackgroundColors" : {

  },
  "selectedSceneRelativePath" : "WalkFemale.usda"
}